{
 "cells": [
  {
   "cell_type": "markdown",
   "id": "27fb4ccb-ac5d-4697-bf6d-6868f0511d98",
   "metadata": {},
   "source": [
    "## 综合描述\n",
    "使用随机森林和神经网络对电信客户流失率进行预测，并计算召回率和ROC等性能评价指标，可以通过以下步骤实现：\n",
    "\n",
    "1.数据收集和预处理\n",
    "首先，需要收集电信客户流失率的数据，并进行预处理，包括数据清洗、缺失值填充、数据归一化或标准化等步骤，以确保数据的质量和一致性。通常，可以使用Python的Pandas库进行数据处理。\n",
    "\n",
    "2.模型训练和评估\n",
    "使用随机森林和神经网络进行模型训练，并使用测试集进行模型评估，计算召回率和ROC等性能评价指标。可以使用Python的Scikit-learn库进行模型训练和评估。\n",
    "\n",
    "3.调整模型参数\n",
    "在模型训练和评估过程中，可以尝试不同的参数组合，以获得更好的性能。可以使用Python的Scikit-learn库进行网格搜索或随机搜索调整模型参数。\n",
    "\n",
    "模型应用和部署\n",
    "最后，可以使用模型对新数据进行预测，并将模型部署到生产环境中。可以使用Python的Scikit-learn库或TensorFlow库进行模型应用和部署。\n",
    "\n",
    "综上所述，使用随机森林和神经网络对电信客户流失率进行预测，并计算召回率和ROC等性能评价指标，需要进行数据收集和预处理、模型训练和评估、调整模型参数以及模型应用和部署等步骤。可以使用Python的Pandas、Scikit-learn和TensorFlow等库进行实现。"
   ]
  },
  {
   "cell_type": "code",
   "execution_count": 1,
   "id": "90a9e7ac-e04a-4cb5-a4c6-0316c29266b2",
   "metadata": {},
   "outputs": [
    {
     "name": "stdout",
     "output_type": "stream",
     "text": [
      "<class 'pandas.core.frame.DataFrame'>\n",
      "RangeIndex: 3333 entries, 0 to 3332\n",
      "Data columns (total 21 columns):\n",
      " #   Column          Non-Null Count  Dtype  \n",
      "---  ------          --------------  -----  \n",
      " 0   State           3333 non-null   object \n",
      " 1   Account Length  3333 non-null   int64  \n",
      " 2   Area Code       3333 non-null   int64  \n",
      " 3   Phone           3333 non-null   object \n",
      " 4   Int'l Plan      3333 non-null   object \n",
      " 5   VMail Plan      3333 non-null   object \n",
      " 6   VMail Message   3333 non-null   int64  \n",
      " 7   Day Mins        3333 non-null   float64\n",
      " 8   Day Calls       3333 non-null   int64  \n",
      " 9   Day Charge      3333 non-null   float64\n",
      " 10  Eve Mins        3333 non-null   float64\n",
      " 11  Eve Calls       3333 non-null   int64  \n",
      " 12  Eve Charge      3333 non-null   float64\n",
      " 13  Night Mins      3333 non-null   float64\n",
      " 14  Night Calls     3333 non-null   int64  \n",
      " 15  Night Charge    3333 non-null   float64\n",
      " 16  Intl Mins       3333 non-null   float64\n",
      " 17  Intl Calls      3333 non-null   int64  \n",
      " 18  Intl Charge     3333 non-null   float64\n",
      " 19  CustServ Calls  3333 non-null   int64  \n",
      " 20  Churn?          3333 non-null   object \n",
      "dtypes: float64(8), int64(8), object(5)\n",
      "memory usage: 546.9+ KB\n"
     ]
    }
   ],
   "source": [
    "# 读取原始数据并且对数据进行分析\n",
    "import pandas as pd\n",
    "df = pd.read_csv('churn.csv')\n",
    "df.info()"
   ]
  },
  {
   "cell_type": "markdown",
   "id": "deac2728-106d-4dbe-893d-5e9c1c27ec1b",
   "metadata": {},
   "source": [
    "该数据集包含3333条记录，有21个特征，其中有8个特征的数据类型为float64，8个特征的数据类型为int64，5个特征的数据类型为object。数据中每个记录表示一个电信客户的相关信息。具体特征解释如下：\n",
    "\n",
    "State: 客户所在州的名称，数据类型为object。\n",
    "Account Length: 客户使用该电信公司的时长，数据类型为int64。\n",
    "Area Code: 客户所在地区的区号，数据类型为int64。\n",
    "Phone: 客户电话号码，数据类型为object。\n",
    "Int'l Plan: 客户是否开通国际漫游业务，数据类型为object。\n",
    "VMail Plan: 客户是否开通语音信箱业务，数据类型为object。\n",
    "VMail Message: 客户语音信箱中未读信息数量，数据类型为int64。\n",
    "Day Mins: 客户白天通话时长（分钟），数据类型为float64。\n",
    "Day Calls: 客户白天通话次数，数据类型为int64。\n",
    "Day Charge: 客户白天通话费用，数据类型为float64。\n",
    "Eve Mins: 客户晚间通话时长（分钟），数据类型为float64。\n",
    "Eve Calls: 客户晚间通话次数，数据类型为int64。\n",
    "Eve Charge: 客户晚间通话费用，数据类型为float64。\n",
    "Night Mins: 客户夜间通话时长（分钟），数据类型为float64。\n",
    "Night Calls: 客户夜间通话次数，数据类型为int64。\n",
    "Night Charge: 客户夜间通话费用，数据类型为float64。\n",
    "Intl Mins: 客户国际通话时长（分钟），数据类型为float64。\n",
    "Intl Calls: 客户国际通话次数，数据类型为int64。\n",
    "Intl Charge: 客户国际通话费用，数据类型为float64。\n",
    "CustServ Calls: 客户联系客服的次数，数据类型为int64。\n",
    "Churn?: 客户是否流失，数据类型为object。\n",
    "数据集中没有缺失值，每个特征都有3333个非空值。可以使用这个数据集来建立模型，预测客户是否会流失，并进行性能评估。"
   ]
  },
  {
   "cell_type": "markdown",
   "id": "9087364e-05d2-4432-9339-513f0d28d688",
   "metadata": {},
   "source": [
    "经观察后发现，state、Int'l Plan、VMail Plan和Churn?是文本特征，需要将其编码成数字特征。此外，Phone电话号码是无关特征。需要对这五个特征处理"
   ]
  },
  {
   "cell_type": "code",
   "execution_count": 2,
   "id": "041beddd-18b6-4a95-82fb-83002601dcf1",
   "metadata": {},
   "outputs": [],
   "source": [
    "df.drop(['Phone'],inplace=True,axis=1)"
   ]
  },
  {
   "cell_type": "code",
   "execution_count": 3,
   "id": "e73ab1cf-e809-4abc-a2a6-19dd4b7f3db8",
   "metadata": {},
   "outputs": [],
   "source": [
    "from sklearn.preprocessing import LabelEncoder\n",
    "le = LabelEncoder()\n",
    "# 其中FALSE，未流失被编码为0，TRUE流失被编码为1\n",
    "for f in ['State',\"Int'l Plan\",\"VMail Plan\",\"Churn?\"]:\n",
    "    df[f] = le.fit_transform(df[f])"
   ]
  },
  {
   "cell_type": "code",
   "execution_count": 4,
   "id": "a4b91500-6c42-4b01-995b-afc94ba5e16b",
   "metadata": {},
   "outputs": [
    {
     "data": {
      "text/html": [
       "<div>\n",
       "<style scoped>\n",
       "    .dataframe tbody tr th:only-of-type {\n",
       "        vertical-align: middle;\n",
       "    }\n",
       "\n",
       "    .dataframe tbody tr th {\n",
       "        vertical-align: top;\n",
       "    }\n",
       "\n",
       "    .dataframe thead th {\n",
       "        text-align: right;\n",
       "    }\n",
       "</style>\n",
       "<table border=\"1\" class=\"dataframe\">\n",
       "  <thead>\n",
       "    <tr style=\"text-align: right;\">\n",
       "      <th></th>\n",
       "      <th>State</th>\n",
       "      <th>Account Length</th>\n",
       "      <th>Area Code</th>\n",
       "      <th>Int'l Plan</th>\n",
       "      <th>VMail Plan</th>\n",
       "      <th>VMail Message</th>\n",
       "      <th>Day Mins</th>\n",
       "      <th>Day Calls</th>\n",
       "      <th>Day Charge</th>\n",
       "      <th>Eve Mins</th>\n",
       "      <th>Eve Calls</th>\n",
       "      <th>Eve Charge</th>\n",
       "      <th>Night Mins</th>\n",
       "      <th>Night Calls</th>\n",
       "      <th>Night Charge</th>\n",
       "      <th>Intl Mins</th>\n",
       "      <th>Intl Calls</th>\n",
       "      <th>Intl Charge</th>\n",
       "      <th>CustServ Calls</th>\n",
       "      <th>Churn?</th>\n",
       "    </tr>\n",
       "  </thead>\n",
       "  <tbody>\n",
       "    <tr>\n",
       "      <th>State</th>\n",
       "      <td>1.000000</td>\n",
       "      <td>0.003678</td>\n",
       "      <td>0.015814</td>\n",
       "      <td>-0.004597</td>\n",
       "      <td>-0.031664</td>\n",
       "      <td>-0.027762</td>\n",
       "      <td>-0.006737</td>\n",
       "      <td>-0.000764</td>\n",
       "      <td>-0.006736</td>\n",
       "      <td>0.013682</td>\n",
       "      <td>-0.016268</td>\n",
       "      <td>0.013674</td>\n",
       "      <td>0.024576</td>\n",
       "      <td>0.007458</td>\n",
       "      <td>0.024572</td>\n",
       "      <td>-0.007834</td>\n",
       "      <td>0.013967</td>\n",
       "      <td>-0.007819</td>\n",
       "      <td>-0.025861</td>\n",
       "      <td>0.007780</td>\n",
       "    </tr>\n",
       "    <tr>\n",
       "      <th>Account Length</th>\n",
       "      <td>0.003678</td>\n",
       "      <td>1.000000</td>\n",
       "      <td>-0.012463</td>\n",
       "      <td>0.024735</td>\n",
       "      <td>0.002918</td>\n",
       "      <td>-0.004628</td>\n",
       "      <td>0.006216</td>\n",
       "      <td>0.038470</td>\n",
       "      <td>0.006214</td>\n",
       "      <td>-0.006757</td>\n",
       "      <td>0.019260</td>\n",
       "      <td>-0.006745</td>\n",
       "      <td>-0.008955</td>\n",
       "      <td>-0.013176</td>\n",
       "      <td>-0.008960</td>\n",
       "      <td>0.009514</td>\n",
       "      <td>0.020661</td>\n",
       "      <td>0.009546</td>\n",
       "      <td>-0.003796</td>\n",
       "      <td>0.016541</td>\n",
       "    </tr>\n",
       "    <tr>\n",
       "      <th>Area Code</th>\n",
       "      <td>0.015814</td>\n",
       "      <td>-0.012463</td>\n",
       "      <td>1.000000</td>\n",
       "      <td>0.048551</td>\n",
       "      <td>-0.000747</td>\n",
       "      <td>-0.001994</td>\n",
       "      <td>-0.008264</td>\n",
       "      <td>-0.009646</td>\n",
       "      <td>-0.008264</td>\n",
       "      <td>0.003580</td>\n",
       "      <td>-0.011886</td>\n",
       "      <td>0.003607</td>\n",
       "      <td>-0.005825</td>\n",
       "      <td>0.016522</td>\n",
       "      <td>-0.005845</td>\n",
       "      <td>-0.018288</td>\n",
       "      <td>-0.024179</td>\n",
       "      <td>-0.018395</td>\n",
       "      <td>0.027572</td>\n",
       "      <td>0.006174</td>\n",
       "    </tr>\n",
       "    <tr>\n",
       "      <th>Int'l Plan</th>\n",
       "      <td>-0.004597</td>\n",
       "      <td>0.024735</td>\n",
       "      <td>0.048551</td>\n",
       "      <td>1.000000</td>\n",
       "      <td>0.006006</td>\n",
       "      <td>0.008745</td>\n",
       "      <td>0.049396</td>\n",
       "      <td>0.003755</td>\n",
       "      <td>0.049398</td>\n",
       "      <td>0.019100</td>\n",
       "      <td>0.006114</td>\n",
       "      <td>0.019106</td>\n",
       "      <td>-0.028905</td>\n",
       "      <td>0.012451</td>\n",
       "      <td>-0.028913</td>\n",
       "      <td>0.045871</td>\n",
       "      <td>0.017366</td>\n",
       "      <td>0.045780</td>\n",
       "      <td>-0.024522</td>\n",
       "      <td>0.259852</td>\n",
       "    </tr>\n",
       "    <tr>\n",
       "      <th>VMail Plan</th>\n",
       "      <td>-0.031664</td>\n",
       "      <td>0.002918</td>\n",
       "      <td>-0.000747</td>\n",
       "      <td>0.006006</td>\n",
       "      <td>1.000000</td>\n",
       "      <td>0.956927</td>\n",
       "      <td>-0.001684</td>\n",
       "      <td>-0.011086</td>\n",
       "      <td>-0.001686</td>\n",
       "      <td>0.021545</td>\n",
       "      <td>-0.006444</td>\n",
       "      <td>0.021559</td>\n",
       "      <td>0.006079</td>\n",
       "      <td>0.015553</td>\n",
       "      <td>0.006064</td>\n",
       "      <td>-0.001318</td>\n",
       "      <td>0.007618</td>\n",
       "      <td>-0.001276</td>\n",
       "      <td>-0.017824</td>\n",
       "      <td>-0.102148</td>\n",
       "    </tr>\n",
       "    <tr>\n",
       "      <th>VMail Message</th>\n",
       "      <td>-0.027762</td>\n",
       "      <td>-0.004628</td>\n",
       "      <td>-0.001994</td>\n",
       "      <td>0.008745</td>\n",
       "      <td>0.956927</td>\n",
       "      <td>1.000000</td>\n",
       "      <td>0.000778</td>\n",
       "      <td>-0.009548</td>\n",
       "      <td>0.000776</td>\n",
       "      <td>0.017562</td>\n",
       "      <td>-0.005864</td>\n",
       "      <td>0.017578</td>\n",
       "      <td>0.007681</td>\n",
       "      <td>0.007123</td>\n",
       "      <td>0.007663</td>\n",
       "      <td>0.002856</td>\n",
       "      <td>0.013957</td>\n",
       "      <td>0.002884</td>\n",
       "      <td>-0.013263</td>\n",
       "      <td>-0.089728</td>\n",
       "    </tr>\n",
       "    <tr>\n",
       "      <th>Day Mins</th>\n",
       "      <td>-0.006737</td>\n",
       "      <td>0.006216</td>\n",
       "      <td>-0.008264</td>\n",
       "      <td>0.049396</td>\n",
       "      <td>-0.001684</td>\n",
       "      <td>0.000778</td>\n",
       "      <td>1.000000</td>\n",
       "      <td>0.006750</td>\n",
       "      <td>1.000000</td>\n",
       "      <td>0.007043</td>\n",
       "      <td>0.015769</td>\n",
       "      <td>0.007029</td>\n",
       "      <td>0.004323</td>\n",
       "      <td>0.022972</td>\n",
       "      <td>0.004300</td>\n",
       "      <td>-0.010155</td>\n",
       "      <td>0.008033</td>\n",
       "      <td>-0.010092</td>\n",
       "      <td>-0.013423</td>\n",
       "      <td>0.205151</td>\n",
       "    </tr>\n",
       "    <tr>\n",
       "      <th>Day Calls</th>\n",
       "      <td>-0.000764</td>\n",
       "      <td>0.038470</td>\n",
       "      <td>-0.009646</td>\n",
       "      <td>0.003755</td>\n",
       "      <td>-0.011086</td>\n",
       "      <td>-0.009548</td>\n",
       "      <td>0.006750</td>\n",
       "      <td>1.000000</td>\n",
       "      <td>0.006753</td>\n",
       "      <td>-0.021451</td>\n",
       "      <td>0.006462</td>\n",
       "      <td>-0.021449</td>\n",
       "      <td>0.022938</td>\n",
       "      <td>-0.019557</td>\n",
       "      <td>0.022927</td>\n",
       "      <td>0.021565</td>\n",
       "      <td>0.004574</td>\n",
       "      <td>0.021666</td>\n",
       "      <td>-0.018942</td>\n",
       "      <td>0.018459</td>\n",
       "    </tr>\n",
       "    <tr>\n",
       "      <th>Day Charge</th>\n",
       "      <td>-0.006736</td>\n",
       "      <td>0.006214</td>\n",
       "      <td>-0.008264</td>\n",
       "      <td>0.049398</td>\n",
       "      <td>-0.001686</td>\n",
       "      <td>0.000776</td>\n",
       "      <td>1.000000</td>\n",
       "      <td>0.006753</td>\n",
       "      <td>1.000000</td>\n",
       "      <td>0.007050</td>\n",
       "      <td>0.015769</td>\n",
       "      <td>0.007036</td>\n",
       "      <td>0.004324</td>\n",
       "      <td>0.022972</td>\n",
       "      <td>0.004301</td>\n",
       "      <td>-0.010157</td>\n",
       "      <td>0.008032</td>\n",
       "      <td>-0.010094</td>\n",
       "      <td>-0.013427</td>\n",
       "      <td>0.205151</td>\n",
       "    </tr>\n",
       "    <tr>\n",
       "      <th>Eve Mins</th>\n",
       "      <td>0.013682</td>\n",
       "      <td>-0.006757</td>\n",
       "      <td>0.003580</td>\n",
       "      <td>0.019100</td>\n",
       "      <td>0.021545</td>\n",
       "      <td>0.017562</td>\n",
       "      <td>0.007043</td>\n",
       "      <td>-0.021451</td>\n",
       "      <td>0.007050</td>\n",
       "      <td>1.000000</td>\n",
       "      <td>-0.011430</td>\n",
       "      <td>1.000000</td>\n",
       "      <td>-0.012584</td>\n",
       "      <td>0.007586</td>\n",
       "      <td>-0.012593</td>\n",
       "      <td>-0.011035</td>\n",
       "      <td>0.002541</td>\n",
       "      <td>-0.011067</td>\n",
       "      <td>-0.012985</td>\n",
       "      <td>0.092796</td>\n",
       "    </tr>\n",
       "    <tr>\n",
       "      <th>Eve Calls</th>\n",
       "      <td>-0.016268</td>\n",
       "      <td>0.019260</td>\n",
       "      <td>-0.011886</td>\n",
       "      <td>0.006114</td>\n",
       "      <td>-0.006444</td>\n",
       "      <td>-0.005864</td>\n",
       "      <td>0.015769</td>\n",
       "      <td>0.006462</td>\n",
       "      <td>0.015769</td>\n",
       "      <td>-0.011430</td>\n",
       "      <td>1.000000</td>\n",
       "      <td>-0.011423</td>\n",
       "      <td>-0.002093</td>\n",
       "      <td>0.007710</td>\n",
       "      <td>-0.002056</td>\n",
       "      <td>0.008703</td>\n",
       "      <td>0.017434</td>\n",
       "      <td>0.008674</td>\n",
       "      <td>0.002423</td>\n",
       "      <td>0.009233</td>\n",
       "    </tr>\n",
       "    <tr>\n",
       "      <th>Eve Charge</th>\n",
       "      <td>0.013674</td>\n",
       "      <td>-0.006745</td>\n",
       "      <td>0.003607</td>\n",
       "      <td>0.019106</td>\n",
       "      <td>0.021559</td>\n",
       "      <td>0.017578</td>\n",
       "      <td>0.007029</td>\n",
       "      <td>-0.021449</td>\n",
       "      <td>0.007036</td>\n",
       "      <td>1.000000</td>\n",
       "      <td>-0.011423</td>\n",
       "      <td>1.000000</td>\n",
       "      <td>-0.012592</td>\n",
       "      <td>0.007596</td>\n",
       "      <td>-0.012601</td>\n",
       "      <td>-0.011043</td>\n",
       "      <td>0.002541</td>\n",
       "      <td>-0.011074</td>\n",
       "      <td>-0.012987</td>\n",
       "      <td>0.092786</td>\n",
       "    </tr>\n",
       "    <tr>\n",
       "      <th>Night Mins</th>\n",
       "      <td>0.024576</td>\n",
       "      <td>-0.008955</td>\n",
       "      <td>-0.005825</td>\n",
       "      <td>-0.028905</td>\n",
       "      <td>0.006079</td>\n",
       "      <td>0.007681</td>\n",
       "      <td>0.004323</td>\n",
       "      <td>0.022938</td>\n",
       "      <td>0.004324</td>\n",
       "      <td>-0.012584</td>\n",
       "      <td>-0.002093</td>\n",
       "      <td>-0.012592</td>\n",
       "      <td>1.000000</td>\n",
       "      <td>0.011204</td>\n",
       "      <td>0.999999</td>\n",
       "      <td>-0.015207</td>\n",
       "      <td>-0.012353</td>\n",
       "      <td>-0.015180</td>\n",
       "      <td>-0.009288</td>\n",
       "      <td>0.035493</td>\n",
       "    </tr>\n",
       "    <tr>\n",
       "      <th>Night Calls</th>\n",
       "      <td>0.007458</td>\n",
       "      <td>-0.013176</td>\n",
       "      <td>0.016522</td>\n",
       "      <td>0.012451</td>\n",
       "      <td>0.015553</td>\n",
       "      <td>0.007123</td>\n",
       "      <td>0.022972</td>\n",
       "      <td>-0.019557</td>\n",
       "      <td>0.022972</td>\n",
       "      <td>0.007586</td>\n",
       "      <td>0.007710</td>\n",
       "      <td>0.007596</td>\n",
       "      <td>0.011204</td>\n",
       "      <td>1.000000</td>\n",
       "      <td>0.011188</td>\n",
       "      <td>-0.013605</td>\n",
       "      <td>0.000305</td>\n",
       "      <td>-0.013630</td>\n",
       "      <td>-0.012802</td>\n",
       "      <td>0.006141</td>\n",
       "    </tr>\n",
       "    <tr>\n",
       "      <th>Night Charge</th>\n",
       "      <td>0.024572</td>\n",
       "      <td>-0.008960</td>\n",
       "      <td>-0.005845</td>\n",
       "      <td>-0.028913</td>\n",
       "      <td>0.006064</td>\n",
       "      <td>0.007663</td>\n",
       "      <td>0.004300</td>\n",
       "      <td>0.022927</td>\n",
       "      <td>0.004301</td>\n",
       "      <td>-0.012593</td>\n",
       "      <td>-0.002056</td>\n",
       "      <td>-0.012601</td>\n",
       "      <td>0.999999</td>\n",
       "      <td>0.011188</td>\n",
       "      <td>1.000000</td>\n",
       "      <td>-0.015214</td>\n",
       "      <td>-0.012329</td>\n",
       "      <td>-0.015186</td>\n",
       "      <td>-0.009277</td>\n",
       "      <td>0.035496</td>\n",
       "    </tr>\n",
       "    <tr>\n",
       "      <th>Intl Mins</th>\n",
       "      <td>-0.007834</td>\n",
       "      <td>0.009514</td>\n",
       "      <td>-0.018288</td>\n",
       "      <td>0.045871</td>\n",
       "      <td>-0.001318</td>\n",
       "      <td>0.002856</td>\n",
       "      <td>-0.010155</td>\n",
       "      <td>0.021565</td>\n",
       "      <td>-0.010157</td>\n",
       "      <td>-0.011035</td>\n",
       "      <td>0.008703</td>\n",
       "      <td>-0.011043</td>\n",
       "      <td>-0.015207</td>\n",
       "      <td>-0.013605</td>\n",
       "      <td>-0.015214</td>\n",
       "      <td>1.000000</td>\n",
       "      <td>0.032304</td>\n",
       "      <td>0.999993</td>\n",
       "      <td>-0.009640</td>\n",
       "      <td>0.068239</td>\n",
       "    </tr>\n",
       "    <tr>\n",
       "      <th>Intl Calls</th>\n",
       "      <td>0.013967</td>\n",
       "      <td>0.020661</td>\n",
       "      <td>-0.024179</td>\n",
       "      <td>0.017366</td>\n",
       "      <td>0.007618</td>\n",
       "      <td>0.013957</td>\n",
       "      <td>0.008033</td>\n",
       "      <td>0.004574</td>\n",
       "      <td>0.008032</td>\n",
       "      <td>0.002541</td>\n",
       "      <td>0.017434</td>\n",
       "      <td>0.002541</td>\n",
       "      <td>-0.012353</td>\n",
       "      <td>0.000305</td>\n",
       "      <td>-0.012329</td>\n",
       "      <td>0.032304</td>\n",
       "      <td>1.000000</td>\n",
       "      <td>0.032372</td>\n",
       "      <td>-0.017561</td>\n",
       "      <td>-0.052844</td>\n",
       "    </tr>\n",
       "    <tr>\n",
       "      <th>Intl Charge</th>\n",
       "      <td>-0.007819</td>\n",
       "      <td>0.009546</td>\n",
       "      <td>-0.018395</td>\n",
       "      <td>0.045780</td>\n",
       "      <td>-0.001276</td>\n",
       "      <td>0.002884</td>\n",
       "      <td>-0.010092</td>\n",
       "      <td>0.021666</td>\n",
       "      <td>-0.010094</td>\n",
       "      <td>-0.011067</td>\n",
       "      <td>0.008674</td>\n",
       "      <td>-0.011074</td>\n",
       "      <td>-0.015180</td>\n",
       "      <td>-0.013630</td>\n",
       "      <td>-0.015186</td>\n",
       "      <td>0.999993</td>\n",
       "      <td>0.032372</td>\n",
       "      <td>1.000000</td>\n",
       "      <td>-0.009675</td>\n",
       "      <td>0.068259</td>\n",
       "    </tr>\n",
       "    <tr>\n",
       "      <th>CustServ Calls</th>\n",
       "      <td>-0.025861</td>\n",
       "      <td>-0.003796</td>\n",
       "      <td>0.027572</td>\n",
       "      <td>-0.024522</td>\n",
       "      <td>-0.017824</td>\n",
       "      <td>-0.013263</td>\n",
       "      <td>-0.013423</td>\n",
       "      <td>-0.018942</td>\n",
       "      <td>-0.013427</td>\n",
       "      <td>-0.012985</td>\n",
       "      <td>0.002423</td>\n",
       "      <td>-0.012987</td>\n",
       "      <td>-0.009288</td>\n",
       "      <td>-0.012802</td>\n",
       "      <td>-0.009277</td>\n",
       "      <td>-0.009640</td>\n",
       "      <td>-0.017561</td>\n",
       "      <td>-0.009675</td>\n",
       "      <td>1.000000</td>\n",
       "      <td>0.208750</td>\n",
       "    </tr>\n",
       "    <tr>\n",
       "      <th>Churn?</th>\n",
       "      <td>0.007780</td>\n",
       "      <td>0.016541</td>\n",
       "      <td>0.006174</td>\n",
       "      <td>0.259852</td>\n",
       "      <td>-0.102148</td>\n",
       "      <td>-0.089728</td>\n",
       "      <td>0.205151</td>\n",
       "      <td>0.018459</td>\n",
       "      <td>0.205151</td>\n",
       "      <td>0.092796</td>\n",
       "      <td>0.009233</td>\n",
       "      <td>0.092786</td>\n",
       "      <td>0.035493</td>\n",
       "      <td>0.006141</td>\n",
       "      <td>0.035496</td>\n",
       "      <td>0.068239</td>\n",
       "      <td>-0.052844</td>\n",
       "      <td>0.068259</td>\n",
       "      <td>0.208750</td>\n",
       "      <td>1.000000</td>\n",
       "    </tr>\n",
       "  </tbody>\n",
       "</table>\n",
       "</div>"
      ],
      "text/plain": [
       "                   State  Account Length  Area Code  Int'l Plan  VMail Plan  \\\n",
       "State           1.000000        0.003678   0.015814   -0.004597   -0.031664   \n",
       "Account Length  0.003678        1.000000  -0.012463    0.024735    0.002918   \n",
       "Area Code       0.015814       -0.012463   1.000000    0.048551   -0.000747   \n",
       "Int'l Plan     -0.004597        0.024735   0.048551    1.000000    0.006006   \n",
       "VMail Plan     -0.031664        0.002918  -0.000747    0.006006    1.000000   \n",
       "VMail Message  -0.027762       -0.004628  -0.001994    0.008745    0.956927   \n",
       "Day Mins       -0.006737        0.006216  -0.008264    0.049396   -0.001684   \n",
       "Day Calls      -0.000764        0.038470  -0.009646    0.003755   -0.011086   \n",
       "Day Charge     -0.006736        0.006214  -0.008264    0.049398   -0.001686   \n",
       "Eve Mins        0.013682       -0.006757   0.003580    0.019100    0.021545   \n",
       "Eve Calls      -0.016268        0.019260  -0.011886    0.006114   -0.006444   \n",
       "Eve Charge      0.013674       -0.006745   0.003607    0.019106    0.021559   \n",
       "Night Mins      0.024576       -0.008955  -0.005825   -0.028905    0.006079   \n",
       "Night Calls     0.007458       -0.013176   0.016522    0.012451    0.015553   \n",
       "Night Charge    0.024572       -0.008960  -0.005845   -0.028913    0.006064   \n",
       "Intl Mins      -0.007834        0.009514  -0.018288    0.045871   -0.001318   \n",
       "Intl Calls      0.013967        0.020661  -0.024179    0.017366    0.007618   \n",
       "Intl Charge    -0.007819        0.009546  -0.018395    0.045780   -0.001276   \n",
       "CustServ Calls -0.025861       -0.003796   0.027572   -0.024522   -0.017824   \n",
       "Churn?          0.007780        0.016541   0.006174    0.259852   -0.102148   \n",
       "\n",
       "                VMail Message  Day Mins  Day Calls  Day Charge  Eve Mins  \\\n",
       "State               -0.027762 -0.006737  -0.000764   -0.006736  0.013682   \n",
       "Account Length      -0.004628  0.006216   0.038470    0.006214 -0.006757   \n",
       "Area Code           -0.001994 -0.008264  -0.009646   -0.008264  0.003580   \n",
       "Int'l Plan           0.008745  0.049396   0.003755    0.049398  0.019100   \n",
       "VMail Plan           0.956927 -0.001684  -0.011086   -0.001686  0.021545   \n",
       "VMail Message        1.000000  0.000778  -0.009548    0.000776  0.017562   \n",
       "Day Mins             0.000778  1.000000   0.006750    1.000000  0.007043   \n",
       "Day Calls           -0.009548  0.006750   1.000000    0.006753 -0.021451   \n",
       "Day Charge           0.000776  1.000000   0.006753    1.000000  0.007050   \n",
       "Eve Mins             0.017562  0.007043  -0.021451    0.007050  1.000000   \n",
       "Eve Calls           -0.005864  0.015769   0.006462    0.015769 -0.011430   \n",
       "Eve Charge           0.017578  0.007029  -0.021449    0.007036  1.000000   \n",
       "Night Mins           0.007681  0.004323   0.022938    0.004324 -0.012584   \n",
       "Night Calls          0.007123  0.022972  -0.019557    0.022972  0.007586   \n",
       "Night Charge         0.007663  0.004300   0.022927    0.004301 -0.012593   \n",
       "Intl Mins            0.002856 -0.010155   0.021565   -0.010157 -0.011035   \n",
       "Intl Calls           0.013957  0.008033   0.004574    0.008032  0.002541   \n",
       "Intl Charge          0.002884 -0.010092   0.021666   -0.010094 -0.011067   \n",
       "CustServ Calls      -0.013263 -0.013423  -0.018942   -0.013427 -0.012985   \n",
       "Churn?              -0.089728  0.205151   0.018459    0.205151  0.092796   \n",
       "\n",
       "                Eve Calls  Eve Charge  Night Mins  Night Calls  Night Charge  \\\n",
       "State           -0.016268    0.013674    0.024576     0.007458      0.024572   \n",
       "Account Length   0.019260   -0.006745   -0.008955    -0.013176     -0.008960   \n",
       "Area Code       -0.011886    0.003607   -0.005825     0.016522     -0.005845   \n",
       "Int'l Plan       0.006114    0.019106   -0.028905     0.012451     -0.028913   \n",
       "VMail Plan      -0.006444    0.021559    0.006079     0.015553      0.006064   \n",
       "VMail Message   -0.005864    0.017578    0.007681     0.007123      0.007663   \n",
       "Day Mins         0.015769    0.007029    0.004323     0.022972      0.004300   \n",
       "Day Calls        0.006462   -0.021449    0.022938    -0.019557      0.022927   \n",
       "Day Charge       0.015769    0.007036    0.004324     0.022972      0.004301   \n",
       "Eve Mins        -0.011430    1.000000   -0.012584     0.007586     -0.012593   \n",
       "Eve Calls        1.000000   -0.011423   -0.002093     0.007710     -0.002056   \n",
       "Eve Charge      -0.011423    1.000000   -0.012592     0.007596     -0.012601   \n",
       "Night Mins      -0.002093   -0.012592    1.000000     0.011204      0.999999   \n",
       "Night Calls      0.007710    0.007596    0.011204     1.000000      0.011188   \n",
       "Night Charge    -0.002056   -0.012601    0.999999     0.011188      1.000000   \n",
       "Intl Mins        0.008703   -0.011043   -0.015207    -0.013605     -0.015214   \n",
       "Intl Calls       0.017434    0.002541   -0.012353     0.000305     -0.012329   \n",
       "Intl Charge      0.008674   -0.011074   -0.015180    -0.013630     -0.015186   \n",
       "CustServ Calls   0.002423   -0.012987   -0.009288    -0.012802     -0.009277   \n",
       "Churn?           0.009233    0.092786    0.035493     0.006141      0.035496   \n",
       "\n",
       "                Intl Mins  Intl Calls  Intl Charge  CustServ Calls    Churn?  \n",
       "State           -0.007834    0.013967    -0.007819       -0.025861  0.007780  \n",
       "Account Length   0.009514    0.020661     0.009546       -0.003796  0.016541  \n",
       "Area Code       -0.018288   -0.024179    -0.018395        0.027572  0.006174  \n",
       "Int'l Plan       0.045871    0.017366     0.045780       -0.024522  0.259852  \n",
       "VMail Plan      -0.001318    0.007618    -0.001276       -0.017824 -0.102148  \n",
       "VMail Message    0.002856    0.013957     0.002884       -0.013263 -0.089728  \n",
       "Day Mins        -0.010155    0.008033    -0.010092       -0.013423  0.205151  \n",
       "Day Calls        0.021565    0.004574     0.021666       -0.018942  0.018459  \n",
       "Day Charge      -0.010157    0.008032    -0.010094       -0.013427  0.205151  \n",
       "Eve Mins        -0.011035    0.002541    -0.011067       -0.012985  0.092796  \n",
       "Eve Calls        0.008703    0.017434     0.008674        0.002423  0.009233  \n",
       "Eve Charge      -0.011043    0.002541    -0.011074       -0.012987  0.092786  \n",
       "Night Mins      -0.015207   -0.012353    -0.015180       -0.009288  0.035493  \n",
       "Night Calls     -0.013605    0.000305    -0.013630       -0.012802  0.006141  \n",
       "Night Charge    -0.015214   -0.012329    -0.015186       -0.009277  0.035496  \n",
       "Intl Mins        1.000000    0.032304     0.999993       -0.009640  0.068239  \n",
       "Intl Calls       0.032304    1.000000     0.032372       -0.017561 -0.052844  \n",
       "Intl Charge      0.999993    0.032372     1.000000       -0.009675  0.068259  \n",
       "CustServ Calls  -0.009640   -0.017561    -0.009675        1.000000  0.208750  \n",
       "Churn?           0.068239   -0.052844     0.068259        0.208750  1.000000  "
      ]
     },
     "execution_count": 4,
     "metadata": {},
     "output_type": "execute_result"
    }
   ],
   "source": [
    "# 输出相关性矩阵\n",
    "df.corr().to_csv('pcc.csv')\n",
    "df.corr()"
   ]
  },
  {
   "cell_type": "markdown",
   "id": "a8bddfe4-8546-40f3-ac33-d4e9ffa35de7",
   "metadata": {},
   "source": [
    "### 可视化相关性矩阵"
   ]
  },
  {
   "cell_type": "code",
   "execution_count": 5,
   "id": "0cb42e83-5765-41ef-964b-45123ef28aea",
   "metadata": {},
   "outputs": [
    {
     "data": {
